3 0.17340104166666667 0.9226574074074074 0.19647395833333334 0.15467592592592594
3 0.6745208333333333 0.7566111111111111 0.061572916666666665 0.09599074074074074
3 0.45321874999999995 0.956212962962963 0.05134375 0.0875648148148148
3 0.488234375 0.8483703703703703 0.09191145833333333 0.05762037037037037
3 0.5282395833333333 0.7613425925925926 0.044359375 0.0824074074074074
3 0.6119687500000001 0.8525648148148148 0.11437499999999999 0.0612962962962963
3 0.600078125 0.7322222222222222 0.072890625 0.03969444444444444
3 0.4975729166666667 0.6629444444444444 0.10284375 0.03897222222222223
3 0.6168020833333333 0.6739907407407407 0.09089583333333334 0.04419444444444444
3 0.4579583333333333 0.7542685185185185 0.03386979166666667 0.03559259259259259
1 0.5605833333333333 0.5134814814814814 0.026177083333333333 0.08688888888888889