1 0.5031770833333333 0.6212407407407408 0.07300520833333332 0.2320925925925926
1 0.40995312500000003 0.5884444444444444 0.04616145833333333 0.13762962962962963
1 0.45036458333333335 0.569925925925926 0.05531770833333333 0.10354629629629629
3 0.53859375 0.9370740740740741 0.08551041666666667 0.12586111111111112
1 0.7676302083333333 0.6097592592592592 0.08569791666666667 0.18688888888888888
0 0.08820833333333335 0.5199444444444444 0.1764166666666667 0.6095555555555556
0 0.20758333333333334 0.5287962962962963 0.19899479166666667 0.3743333333333333
0 0.35381250000000003 0.5534351851851852 0.06345833333333334 0.16912037037037037
0 0.5931666666666667 0.5793703703703704 0.08801041666666666 0.14096296296296298
3 0.4727604166666667 0.6882777777777778 0.04052083333333333 0.10099074074074073
1 0.8876197916666667 0.6701296296296296 0.11023958333333334 0.19508333333333333
1 0.5240104166666667 0.600287037037037 0.0190625 0.08905555555555557